71 17.75
71 18.25
71 18.25
71 18.25
71 18.75
71 18.75
71 18.75
71 18.75
71 19.25
71 19.25
71 19.25
71 19.25
71 19.25
71 19.25
71 19.25
71 19.25
71 19.25
71 19.25
71 19.25
71 19.25
71 19.25
71 19.25
71 19.25
71 19.75
71 19.75
71 19.75
71 19.75
71 19.75
71 19.75
71 19.75
70 17.75
70 18.25
70 18.25
70 18.25
70 18.25
70 18.25
70 18.75
70 18.75
70 18.75
70 18.75
70 18.75
70 18.75
70 18.75
70 18.75
70 18.75
70 18.75
70 18.75
70 18.75
70 18.75
70 19.25
70 19.25
70 19.25
70 19.25
70 19.25
70 19.25
70 19.25
70 19.25
70 19.25
70 19.25
70 19.25
69 16.75
69 17.25
69 17.75
69 17.75
69 18.25
69 18.25
69 18.25
69 18.25
69 18.25
69 18.25
69 18.25
69 18.25
69 18.25
69 18.25
69 18.25
69 18.25
69 18.25
69 18.25
69 18.25
69 18.25
69 18.25
69 18.25
69 18.25
69 18.25
69 18.25
69 18.25
69 18.25
69 18.25
69 18.25
69 18.75
69 18.75
69 18.75
69 18.75
69 18.75
69 18.75
69 18.75
69 18.75
69 18.75
69 18.75
69 18.75
69 18.75
69 18.75
69 18.75
69 18.75
69 19.25
69 19.25
69 19.25
69 19.25
69 19.25
69 19.25
68 16.75
68 17.25
68 17.25
68 17.25
68 17.75
68 17.75
68 17.75
68 17.75
68 17.75
68 17.75
68 17.75
68 18.25
68 18.25
68 18.25
68 18.25
68 18.25
68 18.25
68 18.25
68 18.25
68 18.25
68 18.25
68 18.25
68 18.25
68 18.25
68 18.25
68 18.75
68 18.75
68 18.75
68 18.75
68 18.75
68 18.75
68 18.75
68 19.25
68 19.25
68 19.25
68 19.25
68 19.75
68 19.75
67 16.75
67 17.25
67 17.25
67 17.25
67 17.25
67 17.25
67 17.25
67 17.25
67 17.75
67 17.75
67 17.75
67 17.75
67 17.75
67 17.75
67 17.75
67 17.75
67 17.75
67 17.75
67 17.75
67 17.75
67 17.75
67 17.75
67 17.75
67 18.25
67 18.25
67 18.25
67 18.25
67 18.25
67 18.25
67 18.25
67 18.25
67 18.25
67 18.25
67 18.25
67 18.25
67 18.25
67 18.25
67 18.25
67 18.25
67 18.25
67 18.25
67 18.25
67 18.25
67 18.25
67 18.25
67 18.25
67 18.25
67 18.25
67 18.25
67 18.25
67 18.25
67 18.75
67 18.75
67 18.75
67 18.75
67 18.75
67 18.75
67 18.75
67 18.75
67 19.25
67 19.25
66 16.75
66 17.25
66 17.25
66 17.25
66 17.25
66 17.25
66 17.25
66 17.25
66 17.75
66 17.75
66 17.75
66 17.75
66 17.75
66 17.75
66 17.75
66 17.75
66 17.75
66 17.75
66 17.75
66 17.75
66 17.75
66 17.75
66 17.75
66 17.75
66 17.75
66 17.75
66 18.25
66 18.25
66 18.25
66 18.25
66 18.25
66 18.25
66 18.25
66 18.25
66 18.25
66 18.25
66 18.25
66 18.25
66 18.25
66 18.25
66 18.25
66 18.75
66 18.75
66 18.75
66 18.75
66 18.75
66 18.75
65 16.75
65 16.75
65 16.75
65 16.75
65 17.25
65 17.25
65 17.25
65 17.25
65 17.25
65 17.25
65 17.25
65 17.25
65 17.25
65 17.25
65 17.75
65 17.75
65 17.75
65 17.75
65 17.75
65 17.75
65 17.75
65 17.75
65 17.75
65 17.75
65 17.75
65 17.75
65 18.25
65 18.25
65 18.25
65 18.25
65 18.25
65 18.25
65 18.25
65 18.25
65 18.75
65 18.75
64 16.75
64 16.75
64 16.75
64 16.75
64 16.75
64 17.25
64 17.25
64 17.25
64 17.25
64 17.25
64 17.25
64 17.25
64 17.25
64 17.25
64 17.25
64 17.25
64 17.75
64 17.75
64 18.25
64 18.25
64 18.25
63 16.5
63 16.5
63 16.5
63 16.5
63 16.5
63 16.5
63 16.5
63 16.5
63 16.5
63 16.75
63 16.75
63 16.75
63 16.75
63 16.75
63 16.75
63 16.75
63 16.75
63 16.75
63 16.75
63 16.75
63 16.75
63 17.25
63 17.25
63 17.25
63 17.25
63 17.25
63 17.25
63 17.25
63 17.25
63 17.25
63 17.25
63 17.75
63 17.75
63 17.75
63 18.25
